taisho/t1337_01.txt	taisho/t1337_01.html	Scroll 1
